2020266 743 827 17 6 关联码258关注2
2020267 832 585 18 3 关联码017关注0
2020268 792 087 15 8 关联码147关注4
2020269 444 391 13 8 关联码158关注1
2020270 544 369 18 6 关联码026关注2
2020271 492 550 10 5 关联码036关注3
2020272 563 647 17 3 关联码015关注0
2020273 511 068 14 8 关联码147关注1
2020274 747 891 18 8 关联码236关注2
2020275 661 077 14 7 关联码368关注3
2020276 697 727 16 5 关联码156关注1
2020277 712 102 03 2 关联码478关注4
2020278 454 021 03 2 关联码123关注1
2020279 279 233 08 1 关联码487关注4
2020280 954 200 02 2 关联码138关注8
2020281 488 114 06 3 关联码369关注9
2020282 704 511 07 4 关联码251关注2
2020283 137 984 21 5 关联码269关注2
2020284 416 502 07 5 关联码258关注5
2020285 697 875 20 3 关联码367关注6
2020286 789 628 16 6 关联码457关注5